[[163.54582 197.6902 ]]
[[295.64886 197.6512 ]]
[[427.8029  197.70721]]
[[559.9074  197.66899]]
[[692.2434  197.65106]]
[[824.29755 197.68306]]
[[956.4191  197.68417]]
[[163.57048 329.85452]]
[[295.61835 329.82736]]
[[427.58487 329.77267]]
[[557.5 332. ]]
[[692.03485 329.94867]]
[[824.3219  329.78506]]
[[956.30634 329.88168]]
[[163.53801 462.21252]]
[[295.683  462.1478]]
[[427.82938 462.11124]]
[[559.9992 462.0867]]
[[692.23035 462.12396]]
[[824.34595 462.19733]]
[[956.36194 462.13333]]
[[163.56418 594.32654]]
[[295.68628 594.35583]]
[[427.87262 594.2567 ]]
[[559.9735  594.36835]]
[[692.18195 594.2679 ]]
[[824.24475 594.32904]]
[[956.4168  594.30194]]
