[[163.54582 197.6902 ]]
[[295.62964 197.65208]]
[[427.7556  197.70392]]
[[559.8468  197.67093]]
[[692.29156 197.66068]]
[[824.29755 197.68306]]
[[956.4191  197.68417]]
[[163.57538 329.7903 ]]
[[295.6245 329.7804]]
[[427.59238 329.6534 ]]
[[557.5 331.5]]
[[692.1256 329.861 ]]
[[824.32153 329.7325 ]]
[[956.32587 329.8202 ]]
[[163.54568 462.25925]]
[[295.67896 462.199  ]]
[[427.78946 462.18655]]
[[559.9929 462.1821]]
[[692.26636 462.19214]]
[[824.3385  462.24744]]
[[956.3662 462.1909]]
[[163.56418 594.32654]]
[[295.6636 594.354 ]]
[[427.8061 594.2763]]
[[559.9735  594.36835]]
[[692.2307  594.27875]]
[[824.24475 594.32904]]
[[956.4168  594.30194]]
